3.970603999999999814e+03
4.542333999999999833e+03
1.049850000000000000e+04
2.367529999999999927e+04
3.635664000000000215e+03
6.449996000000000095e+03
9.795555000000000291e+03
6.077005000000000109e+03
8.369093999999999141e+03
1.934690000000000146e+04
1.229661000000000058e+04
2.429616999999999825e+04
1.389931999999999971e+04
1.404300000000000000e+04
3.604204000000000178e+03
4.500719000000000051e+03
7.141917000000000371e+03
2.889710999999999785e+03
7.147251000000000204e+03
5.698551999999999680e+03
4.248056999999999789e+03
4.261005000000000109e+03
5.119498999999999796e+03
4.186177999999999884e+03
2.702898000000000138e+03
3.411278999999999996e+03
6.941432999999999993e+03
6.986609000000000378e+03
1.352903999999999996e+03
1.473672000000000025e+03
6.369167999999999665e+03
4.930827000000000226e+03
2.865061000000000149e+03
3.238266999999999825e+03
4.653561999999999898e+03
6.290890999999999622e+03
6.877418999999999869e+03
1.886077999999999884e+04
9.095702999999999747e+02
3.184034999999999854e+03
3.206728999999999814e+03
3.798900999999999840e+03
5.394570999999999685e+02
7.911644000000000005e+02
1.260894999999999982e+03
9.663903999999999996e+02
1.168644000000000005e+03
1.640439000000000078e+03
1.413155999999999949e+03
2.059887999999999920e+03
1.304017000000000053e+03
1.262287000000000035e+03
9.643147000000000162e+02
2.330387999999999920e+03
1.089503999999999905e+03
1.541758000000000038e+03
2.345811000000000149e+03
7.704616999999999507e+02
1.065971000000000004e+03
9.215309999999999491e+02
1.664941000000000031e+03
2.105579999999999927e+03
2.916494999999999891e+03
5.709761999999999489e+02
6.067807000000000244e+02
7.288378000000000156e+02
7.642252999999999474e+02
7.342011999999999716e+02
7.201567999999999756e+02
7.209931000000000267e+02
1.276738000000000056e+03
1.156401000000000067e+03
2.720858999999999924e+03
1.170496000000000095e+03
1.035450000000000045e+03
1.176364000000000033e+03
1.883589999999999918e+03
1.577911000000000058e+03
1.863278000000000020e+03
1.869708000000000084e+03
2.206224000000000160e+03
2.417969000000000051e+03
2.751130000000000109e+03
2.385516000000000076e+03
2.664032000000000153e+03
2.545773999999999887e+03
3.518577000000000226e+03
9.335176000000000158e+02
1.211183999999999969e+03
1.365426999999999907e+03
2.150905999999999949e+03
1.178358999999999924e+03
1.402833000000000084e+03
2.627990999999999985e+03
1.323532999999999902e+03
1.246659000000000106e+03
2.319619999999999891e+03
2.702469000000000051e+03
1.807488000000000056e+03
7.408529000000000451e+03
3.200757999999999811e+03
4.259457999999999629e+03
2.351813999999999851e+03
2.662061999999999898e+03
3.877713000000000193e+03
3.103688000000000102e+03
4.340661000000000058e+03
3.812019999999999982e+03
2.742572999999999865e+03
3.019371999999999844e+03
3.471289000000000215e+03
4.719710000000000036e+03
4.117359999999999673e+03
1.034759000000000015e+04
1.099202000000000044e+04
6.306300000000000182e+03
6.187582000000000335e+03
8.819680000000000291e+03
1.400673999999999978e+03
1.646382000000000062e+03
5.928132999999999811e+03
1.616651000000000067e+03
2.209719000000000051e+03
6.263190999999999804e+03
2.424501999999999953e+03
2.710188000000000102e+03
3.252786999999999807e+03
3.135518999999999778e+03
8.664699000000000524e+02
1.584502999999999929e+03
9.120339999999999918e+02
1.926531999999999925e+03
1.456163999999999987e+03
1.673893000000000029e+03
1.078626000000000022e+04
1.568743999999999915e+03
3.797367000000000189e+03
4.948043999999999869e+03
1.041854999999999927e+04
1.439743999999999915e+03
2.118027999999999793e+03
1.846987000000000080e+03
2.064465999999999894e+03
2.905603000000000065e+03
4.026527999999999793e+03
3.492427000000000135e+03
3.087934999999999945e+03
9.035789000000000669e+03
2.076025999999999840e+04
7.659085000000000036e+03
1.884034000000000015e+04
8.813027000000000044e+03
5.194434000000000196e+03
3.781771000000000186e+03
6.912983000000000175e+03
8.459500000000000000e+03
7.931743000000000393e+03
1.792658000000000175e+04
7.760086000000000240e+03
7.062199999999999818e+03
7.272445999999999913e+03
2.287393999999999869e+04
1.152969000000000051e+04
7.183247000000000298e+03
1.986129999999999927e+04
1.617181999999999971e+04
7.752841000000000349e+03
8.006292000000000371e+03
1.016557999999999993e+04
1.439412999999999920e+04
1.594013999999999942e+04
1.012432999999999993e+04
1.715120000000000073e+04
2.476674000000000160e+04
3.384273999999999887e+03
2.774137999999999920e+03
5.076239999999999782e+03
2.449898999999999887e+03
4.892350999999999658e+03
1.451313999999999942e+04
3.850545000000000073e+03
8.590985000000000582e+03
9.954920000000000073e+03
1.926229000000000087e+04
9.423039999999999736e+02
1.970512999999999920e+03
2.349856999999999971e+03
2.148753999999999905e+03
3.710121000000000095e+03
3.893842000000000098e+03
2.939969000000000051e+03
3.337806999999999789e+03
9.177487999999999374e+03
4.888922999999999774e+03
7.143502000000000407e+03
4.733252000000000407e+03
5.990038999999999760e+03
7.840170000000000073e+03
5.837765999999999622e+03
5.342064999999999600e+03
1.342828000000000065e+04
9.893399999999999636e+03
7.056350999999999658e+03
9.168967000000000553e+03
1.150155999999999949e+04
2.422031999999999971e+04
1.180654000000000087e+04
1.057270999999999913e+04
1.355775000000000000e+04
1.482903000000000065e+04
2.746429999999999836e+03
3.928268999999999778e+03
8.401393000000000029e+03
5.705845000000000255e+03
3.807824000000000069e+03
4.223354000000000269e+03
6.386346999999999753e+03
6.528893000000000029e+03
8.031625000000000000e+03
7.804015000000000327e+03
7.479916000000000167e+03
5.551372999999999593e+03
6.131259000000000015e+03
8.117625000000000000e+03
9.937486000000000786e+03
6.309023000000000138e+03
7.271088999999999942e+03
1.243236000000000058e+04
1.384117000000000007e+04
7.442250000000000000e+03
1.321697999999999956e+04
2.674793000000000120e+03
3.271998000000000047e+03
3.801036000000000058e+03
4.900655999999999949e+03
6.979354999999999563e+03
6.159104000000000269e+03
9.568385000000000218e+03
6.899349000000000160e+03
8.496224000000000160e+03
1.561006000000000085e+03
1.692499000000000024e+03
2.498391999999999825e+03
3.659199999999999818e+03
4.027764000000000124e+03
4.684435999999999694e+03
5.235980999999999767e+03
5.373628999999999905e+03
5.023752000000000407e+03
1.360982999999999993e+04
9.640261000000000422e+03
7.789109000000000378e+03
7.087273000000000138e+03
6.862817000000000007e+03
8.820779000000000451e+03
2.384061999999999898e+03
3.542840000000000146e+03
3.264362999999999829e+03
3.929396000000000186e+03
3.510543000000000120e+03
6.001007999999999811e+03
6.315617000000000189e+03
4.969930999999999585e+03
8.287463999999999942e+03
1.132782999999999993e+04
1.579316000000000031e+03
3.531076000000000022e+03
4.324479999999999563e+03
2.196485999999999876e+03
3.486197000000000116e+03
8.396311999999999898e+03
4.347143000000000029e+03
9.544025999999999840e+03
1.420859999999999900e+03
1.970589999999999918e+03
8.011873999999999796e+03
2.249996999999999844e+03
2.623432999999999993e+03
1.225725000000000000e+04
3.156155000000000200e+03
2.079445000000000164e+03
4.758865999999999985e+03
3.487103999999999814e+03
1.618538000000000011e+03
4.053432999999999993e+03
1.387799999999999955e+03
1.734605999999999995e+03
1.027990000000000009e+03
1.639826999999999998e+03
2.413751000000000204e+03
1.085967000000000098e+03
1.511489000000000033e+03
1.376851000000000113e+03
1.084935999999999922e+03
1.471064000000000078e+03
1.416560999999999922e+03
2.030726000000000113e+03
4.781664999999999964e+03
3.724385999999999967e+03
7.975805999999999585e+03
1.067108999999999924e+03
9.802450999999999794e+02
1.908390000000000100e+03
3.870815999999999804e+03
5.394677999999999884e+03
2.851188999999999851e+03
1.700572999999999956e+04
4.478409999999999854e+03
1.703465999999999894e+03
1.691419000000000096e+03
2.651298999999999978e+03
3.568369999999999891e+03
2.708650999999999840e+03
2.627829999999999927e+03
2.938208000000000084e+03
3.073326000000000022e+03
2.740480000000000018e+03
6.050319999999999709e+03
4.510899000000000342e+03
5.977909999999999854e+03
1.058906999999999925e+03
2.628416999999999916e+03
2.663382999999999811e+03
4.855819999999999709e+03
3.018289999999999964e+03
5.293304000000000087e+03
3.233029000000000224e+02
1.348686999999999898e+03
1.322096999999999980e+03
1.980717000000000098e+03
2.012327999999999975e+03
2.033142000000000053e+03
1.904030999999999949e+03
1.934321999999999889e+03
2.647097000000000207e+03
1.694883000000000038e+03
3.071996999999999844e+03
1.957702999999999975e+03
3.198938999999999851e+03
1.922223999999999933e+03
2.647001000000000204e+03
3.587847999999999956e+03
2.235606999999999971e+03
2.676811000000000149e+03
3.041652999999999793e+03
4.932681999999999789e+03
3.630530999999999949e+03
1.470267000000000053e+03
