7.843916759237797187e+00
1.064054049015922843e+01
1.150961081291568533e+01
1.160988815784912731e+01
1.169902357556773609e+01
1.228954571795353878e+01
1.330346109450274028e+01
1.547613690139389142e+01
1.571011737290524479e+01
1.647891035072827393e+01
1.735912260069955693e+01
1.777137390764813318e+01
1.880757313862699220e+01
1.934238564493865553e+01
1.153680775213183693e+02
1.206226182255713155e+02
1.219362534016345450e+02
1.305907910321687950e+02
1.306680636895842724e+02
1.369271489402385384e+02
1.420271443296605014e+02
1.436498701353856973e+02
1.456589592281882801e+02
1.231778521018684813e+02
1.499063113092340132e+02
1.507888547736281453e+02
1.925205528756941362e+02
1.950421056311059260e+02
2.736880673925910656e+01
2.826537109795897607e+01
3.671195110886825574e+01
3.878820541322583182e+01
4.530009391325644685e+01
4.534728151108276251e+01
5.591730342417594812e+01
7.026233316337382462e+01
7.516984333730994194e+01
8.899580950041840310e+01
4.015865801830181425e+01
9.517224282707263683e+01
9.938953136504474628e+01
9.989308820539964984e+01
5.506855014192678510e+01
6.950453646455740397e+01
6.995043565598999180e+01
7.117665843242966162e+01
8.254708781396111306e+01
8.254708781396111306e+01
8.577985695184749204e+01
8.750771631864884625e+01
8.957000007902463778e+01
9.057327325974800658e+01
9.185523343511674454e+01
9.202244563190397741e+01
9.207818303083303135e+01
1.004945302691234730e+02
1.060125327631019587e+02
1.083054189999738952e+02
1.243979694645926344e+02
1.491753884339262868e+02
1.534326769166296458e+02
1.655233762075072264e+02
1.828079674472829481e+02
6.762714467969597365e+01
6.814585719881156933e+01
6.853489158814826965e+01
7.099877605394736690e+01
7.372201677930424069e+01
8.526337032962626949e+01
8.746789853586757602e+01
9.362760970036528363e+01
1.097725368578382472e+02
1.128199729076423949e+02
1.148948229841047777e+02
1.156080526978887093e+02
1.165157996063410053e+02
1.232590623548437634e+02
1.235832576792910089e+02
1.338926689967134962e+02
1.342817033860502249e+02
1.370697831762965393e+02
1.416733567834474741e+02
1.467308038448245497e+02
1.490001711159552542e+02
1.604118465364984161e+02
1.608657199907245570e+02
1.830406801829163328e+02
1.476647643386189088e+02
1.563703735794777856e+02
1.625414383578080901e+02
1.641944021377180150e+02
1.717980355253035896e+02
1.779691003036339225e+02
1.834789795700003197e+02
1.849115481792555897e+02
1.905316250309492716e+02
1.908622177869312964e+02
2.195135899720364421e+02
2.196237875573638121e+02
2.445284418413397418e+02
2.464018007919044067e+02
2.476139742305049367e+02
2.567603738126731514e+02
2.844199677298323650e+02
2.851913508271236424e+02
3.091042268431537536e+02
3.153854892068114282e+02
1.337285747966412828e+02
1.422523508105915084e+02
1.512496699364278356e+02
1.523861734049545191e+02
1.730326530831895298e+02
1.740744479293390157e+02
1.777680842020507441e+02
1.876177809292821337e+02
1.962362655656095853e+02
2.040970812229192006e+02
2.647105995443430402e+02
1.189746210223644027e+02
1.333763291954647912e+02
1.386049748379279833e+02
1.505299561277563782e+02
1.579601367775724725e+02
1.708941549457709357e+02
1.762145312135405391e+02
1.872222062503051347e+02
1.942854643988957832e+02
1.975877669099251932e+02
9.174938720763857702e+01
9.385281202353422714e+01
1.045702622759548888e+02
1.214978238895912739e+02
1.223992916678322587e+02
1.592593074892416496e+02
1.487157497878576464e+02
1.745431349050766130e+02
1.810694096389975698e+02
2.557744268060073125e+02
2.657721242707372085e+02
7.208002481373337389e+01
8.748025501490050715e+01
9.286454602508301548e+01
9.628038655842459548e+01
9.981201829628624012e+01
1.066436993629693859e+02
1.128964244070522653e+02
1.252281876884379699e+02
6.100252556313409968e+01
6.198951840888419440e+01
6.335857300137625003e+01
7.224150861312699590e+01
1.923417663245610925e+02
2.186899534923092006e+02
2.188926318551380632e+02
2.223381640232281882e+02
2.768586436241839124e+02
2.809122108807604832e+02
2.900327372080579380e+02
2.910461290222020807e+02
3.005720120751571471e+02
3.032068307919319636e+02
3.044229009689049690e+02
3.062470062343643917e+02
3.080711114998239282e+02
3.111112869422563563e+02
3.250960939774457756e+02
3.396889361011216124e+02
3.548898133132839803e+02
3.737389010563653642e+02
3.802246086668880025e+02
3.832647841093204875e+02
3.933987022507620281e+02
4.094102929142396761e+02
4.722405853911774898e+02
3.620821969001885776e+01
4.946165031495192466e+01
5.255539060492189662e+01
5.393038628935298107e+01
5.893384280769948447e+01
7.054491747622873277e+01
7.295115992398315541e+01
9.147540733923543144e+01
9.491289655031314965e+01
1.157669977641847794e+02
8.601474116694942040e+01
1.367753665397408724e+02
1.485709165610944353e+02
1.494986564504143871e+02
1.509565334193457602e+02
1.561253699455568835e+02
1.691137283960361799e+02
1.949579110270918818e+02
1.953555138368003838e+02
1.962832537261203356e+02
2.056931868892226873e+02
2.104644206057252234e+02
2.108620234154338107e+02
2.162959284814506304e+02
2.180188739901876431e+02
2.352483290775581395e+02
2.367062060464894842e+02
2.602973060891966952e+02
2.614901145183223434e+02
2.918404623260749418e+02
2.964791617726746722e+02
3.200702618153819685e+02
3.359743742037238121e+02
3.480349927648831567e+02
3.653969821221564871e+02
4.137719906366965574e+02
1.252744468627488885e+02
1.400360855058116840e+02
1.557286382975360652e+02
1.575904665948593220e+02
1.591863194211363748e+02
1.678305222301370918e+02
1.687614363787986633e+02
1.719531420313527974e+02
1.768736882457070578e+02
1.847199646415692484e+02
1.851189278481384690e+02
1.896405108559235089e+02
1.972208117807394956e+02
1.990826400780627807e+02
2.127803768369408033e+02
2.142432419276948110e+02
2.142432419276948110e+02
2.521447465517748299e+02
2.530756607004365151e+02
2.565333418240368246e+02
2.981585030427633001e+02
2.063317097521385222e+02
2.565205040161721968e+02
2.807495771091540178e+02
1.598333583222460845e+02
2.040768727249209462e+02
2.105229476710060226e+02
2.458298581711538588e+02
2.461228615777940831e+02
3.016470071361179066e+02
1.579309846599621210e+02
1.647183749860191995e+02
2.064359935754431490e+02
2.079259085250654664e+02
2.132233839015002275e+02
2.613973006059540580e+02
2.945065217086714142e+02
3.075846640442449029e+02
3.080813023607856280e+02
3.156964232144106859e+02
3.279468350224161668e+02
3.411905234635030979e+02
3.504611053722640008e+02
3.564207651707530431e+02
4.598870811167450370e+02
4.501110361966251361e+01
4.645485599991584280e+01
5.775009521013303271e+01
6.208135235089300608e+01
6.373742125765416233e+01
6.411959100536829226e+01
6.972474730517529906e+01
7.091371985361922725e+01
8.560602348796190597e+01
9.082901004005479706e+01
1.263955019278373300e+02
1.819612047736111720e+02
1.867930050210698028e+02
2.109520062583627578e+02
2.307184618161479079e+02
2.442255397806344774e+02
2.509241719418838841e+02
4.324461221475443153e+02
2.011863489462890300e+02
2.026056529952928429e+02
2.276800245276933481e+02
2.298089806011990675e+02
2.307551833005348954e+02
2.343034434230444276e+02
2.359592981468821620e+02
2.510985413362560905e+02
2.655281325011280842e+02
2.674205378997997968e+02
2.678936392494677534e+02
2.735708554454829482e+02
2.583050434826959076e+02
2.721168516238906818e+02
3.494145147298756910e+02
3.750996316240274382e+02
4.049040597181846692e+02
2.026776797263673018e+02
2.041114125089975460e+02
2.149295780506621725e+02
2.181880616475491195e+02
2.220982419638134218e+02
2.273118157188324915e+02
2.301792812840930367e+02
3.154212121786551393e+02
3.622130366299516027e+02
4.077014676424932418e+02
2.176912487108198775e+02
2.224205516782043617e+02
2.348887140467635106e+02
2.407645147032108923e+02
2.671339615516578760e+02
3.000957701122164281e+02
4.405417370224228080e+02
9.514841225703987959e+01
1.106617403424268105e+02
1.187764042640138200e+02
1.245044023263105544e+02
1.323803996619685392e+02
1.389835085393383451e+02
1.438363957865619511e+02
1.512350599503618866e+02
1.559288361402994951e+02
1.644412777051015269e+02
1.744652743141207907e+02
1.749426074859788400e+02
2.101857066748322040e+02
1.792996179425855985e+02
2.493432082573852995e+02
2.508398661700946946e+02
2.908006324394355602e+02
2.918482929783320969e+02
3.068148721054259909e+02
9.602249467565503949e+01
1.937879719279309256e+02
2.231017698074625741e+02
2.354611008053191767e+02
2.391055189200717166e+02
2.394224248430936655e+02
2.417992192657584383e+02
2.492465084567745919e+02
2.562184387632578364e+02
2.662009753384496094e+02
2.677855049535594389e+02
2.726975467603999164e+02
2.738067174909767800e+02
2.766588707981744619e+02
2.776095885672403369e+02
2.947225084104264852e+02
2.994760972557558603e+02
3.173812819064968380e+02
3.199165292906725426e+02
3.310082365964412929e+02
3.455859090554516229e+02
3.747412539734723396e+02
