0.704 7.84392 3970.6 
0.955 10.6405 4542.33 
1.033 11.5096 10498.5 
1.042 11.6099 23675.3 
1.05 11.699 3635.66 
1.103 12.2895 6450 
1.194 13.3035 9795.56 
1.389 15.4761 6077.01 
1.41 15.7101 8369.09 
1.479 16.4789 19346.9 
1.558 17.3591 12296.6 
1.595 17.7714 24296.2 
1.688 18.8076 13899.3 
1.736 19.3424 14043 
1.493 115.368 3604.2 
1.561 120.623 4500.72 
1.578 121.936 7141.92 
1.69 130.591 2889.71 
1.691 130.668 7147.25 
1.772 136.927 5698.55 
1.838 142.027 4248.06 
1.859 143.65 4261.01 
1.885 145.659 5119.5 
0.977 123.178 4186.18 
1.189 149.906 2702.9 
1.196 150.789 3411.28 
1.527 192.521 6941.43 
1.547 195.042 6986.61 
0.58 27.3688 1352.9 
0.599 28.2654 1473.67 
0.778 36.712 6369.17 
0.822 38.7882 4930.83 
0.96 45.3001 2865.06 
0.961 45.3473 3238.27 
1.185 55.9173 4653.56 
1.489 70.2623 6290.89 
1.593 75.1698 6877.42 
1.886 88.9958 18860.8 
0.638 40.1587 909.57 
1.512 95.1722 3184.03 
1.579 99.3895 3206.73 
1.587 99.8931 3798.9 
0.988 55.0686 539.457 
1.247 69.5045 791.164 
1.255 69.9504 1260.89 
1.277 71.1767 966.39 
1.481 82.5471 1168.64 
1.481 82.5471 1640.44 
1.539 85.7799 1413.16 
1.57 87.5077 2059.89 
1.607 89.57 1304.02 
1.625 90.5733 1262.29 
1.648 91.8552 964.315 
1.651 92.0224 2330.39 
1.652 92.0782 1089.5 
1.803 100.495 1541.76 
1.902 106.013 2345.81 
1.272 108.305 770.462 
1.461 124.398 1065.97 
1.752 149.175 921.531 
1.802 153.433 1664.94 
1.944 165.523 2105.58 
2.147 182.808 2916.49 
1.043 67.6271 570.976 
1.051 68.1459 606.781 
1.057 68.5349 728.838 
1.095 70.9988 764.225 
1.137 73.722 734.201 
1.315 85.2634 720.157 
1.349 87.4679 720.993 
1.444 93.6276 1276.74 
1.693 109.773 1156.4 
1.74 112.82 2720.86 
1.772 114.895 1170.5 
1.783 115.608 1035.45 
1.797 116.516 1176.36 
1.901 123.259 1883.59 
1.906 123.583 1577.91 
2.065 133.893 1863.28 
2.071 134.282 1869.71 
2.114 137.07 2206.22 
2.185 141.673 2417.97 
2.263 146.731 2751.13 
2.298 149 2385.52 
2.474 160.412 2664.03 
2.481 160.866 2545.77 
2.823 183.041 3518.58 
1.34 147.665 933.518 
1.419 156.37 1211.18 
1.475 162.541 1365.43 
1.49 164.194 2150.91 
1.559 171.798 1178.36 
1.615 177.969 1402.83 
1.665 183.479 2627.99 
1.678 184.912 1323.53 
1.729 190.532 1246.66 
1.732 190.862 2319.62 
1.992 219.514 2702.47 
1.993 219.624 1807.49 
2.219 244.528 7408.53 
2.236 246.402 3200.76 
2.247 247.614 4259.46 
2.33 256.76 2351.81 
2.581 284.42 2662.06 
2.588 285.191 3877.71 
2.805 309.104 3103.69 
2.862 315.385 4340.66 
1.412 133.729 3812.02 
1.502 142.252 2742.57 
1.597 151.25 3019.37 
1.609 152.386 3471.29 
1.827 173.033 4719.71 
1.838 174.074 4117.36 
1.877 177.768 10347.6 
1.981 187.618 10992 
2.072 196.236 6306.3 
2.155 204.097 6187.58 
2.795 264.711 8819.68 
1.297 118.975 1400.67 
1.454 133.376 1646.38 
1.511 138.605 5928.13 
1.641 150.53 1616.65 
1.722 157.96 2209.72 
1.863 170.894 6263.19 
1.921 176.215 2424.5 
2.041 187.222 2710.19 
2.118 194.285 3252.79 
2.154 197.588 3135.52 
0.916 91.7494 866.47 
0.937 93.8528 1584.5 
1.044 104.57 912.034 
1.213 121.498 1926.53 
1.222 122.399 1456.16 
1.59 159.259 1673.89 
1.071 148.716 10786.3 
1.257 174.543 1568.74 
1.304 181.069 3797.37 
1.842 255.774 4948.04 
1.914 265.772 10418.5 
1.245 72.08 1439.74 
1.511 87.4803 2118.03 
1.604 92.8645 1846.99 
1.663 96.2804 2064.47 
1.724 99.812 2905.6 
1.842 106.644 4026.53 
1.95 112.896 3492.43 
2.163 125.228 3087.93 
1.916 61.0025 9035.79 
1.947 61.9895 20760.3 
1.99 63.3586 7659.09 
2.269 72.2415 18840.3 
0.949 192.342 8813.03 
1.079 218.69 5194.43 
1.08 218.893 3781.77 
1.097 222.338 6912.98 
1.366 276.859 8459.5 
1.386 280.912 7931.74 
1.431 290.033 17926.6 
1.436 291.046 7760.09 
1.483 300.572 7062.2 
1.496 303.207 7272.45 
1.502 304.423 22873.9 
1.511 306.247 11529.7 
1.52 308.071 7183.25 
1.535 311.111 19861.3 
1.604 325.096 16171.8 
1.676 339.689 7752.84 
1.751 354.89 8006.29 
1.844 373.739 10165.6 
1.876 380.225 14394.1 
1.891 383.265 15940.1 
1.941 393.399 10124.3 
2.02 409.41 17151.2 
2.33 472.241 24766.7 
0.948 36.2082 3384.27 
1.295 49.4617 2774.14 
1.376 52.5554 5076.24 
1.412 53.9304 2449.9 
1.543 58.9338 4892.35 
1.847 70.5449 14513.1 
1.91 72.9512 3850.55 
2.395 91.4754 8590.99 
2.485 94.9129 9954.92 
3.031 115.767 19262.3 
0.649 86.0147 942.304 
1.032 136.775 1970.51 
1.121 148.571 2349.86 
1.128 149.499 2148.75 
1.139 150.957 3710.12 
1.178 156.125 3893.84 
1.276 169.114 2939.97 
1.471 194.958 3337.81 
1.474 195.356 9177.49 
1.481 196.283 4888.92 
1.552 205.693 7143.5 
1.588 210.464 4733.25 
1.591 210.862 5990.04 
1.632 216.296 7840.17 
1.645 218.019 5837.77 
1.775 235.248 5342.06 
1.786 236.706 13428.3 
1.964 260.297 9893.4 
1.973 261.49 7056.35 
2.202 291.84 9168.97 
2.237 296.479 11501.6 
2.415 320.07 24220.3 
2.535 335.974 11806.5 
2.626 348.035 10572.7 
2.757 365.397 13557.8 
3.122 413.772 14829 
0.942 125.274 2746.43 
1.053 140.036 3928.27 
1.171 155.729 8401.39 
1.185 157.59 5705.85 
1.197 159.186 3807.82 
1.262 167.831 4223.35 
1.269 168.761 6386.35 
1.293 171.953 6528.89 
1.33 176.874 8031.62 
1.389 184.72 7804.02 
1.392 185.119 7479.92 
1.426 189.641 5551.37 
1.483 197.221 6131.26 
1.497 199.083 8117.62 
1.6 212.78 9937.49 
1.611 214.243 6309.02 
1.611 214.243 7271.09 
1.896 252.145 12432.4 
1.903 253.076 13841.2 
1.929 256.533 7442.25 
2.242 298.159 13217 
1.073 206.332 2674.79 
1.334 256.521 3272 
1.46 280.75 3801.04 
1.091 159.833 4900.66 
1.393 204.077 6979.35 
1.437 210.523 6159.1 
1.678 245.83 9568.39 
1.68 246.123 6899.35 
2.059 301.647 8496.22 
0.954 157.931 1561.01 
0.995 164.718 1692.5 
1.247 206.436 2498.39 
1.256 207.926 3659.2 
1.288 213.223 4027.76 
1.579 261.397 4684.44 
1.779 294.507 5235.98 
1.858 307.585 5373.63 
1.861 308.081 5023.75 
1.907 315.696 13609.8 
1.981 327.947 9640.26 
2.061 341.191 7789.11 
2.117 350.461 7087.27 
2.153 356.421 6862.82 
2.778 459.887 8820.78 
1.06 45.0111 2384.06 
1.094 46.4549 3542.84 
1.36 57.7501 3264.36 
1.462 62.0814 3929.4 
1.501 63.7374 3510.54 
1.51 64.1196 6001.01 
1.642 69.7247 6315.62 
1.67 70.9137 4969.93 
2.016 85.606 8287.46 
2.139 90.829 11327.8 
1.151 126.396 1579.32 
1.657 181.961 3531.08 
1.701 186.793 4324.48 
1.921 210.952 2196.49 
2.101 230.718 3486.2 
2.224 244.226 8396.31 
2.285 250.924 4347.14 
3.938 432.446 9544.03 
1.701 201.186 1420.86 
1.713 202.606 1970.59 
1.925 227.68 8011.87 
1.943 229.809 2250 
1.951 230.755 2623.43 
1.981 234.303 12257.2 
1.995 235.959 3156.16 
2.123 251.099 2079.45 
2.245 265.528 4758.87 
2.261 267.421 3487.1 
2.265 267.894 1618.54 
2.313 273.571 4053.43 
1.066 258.305 1387.8 
1.123 272.117 1734.61 
1.442 349.415 1027.99 
1.548 375.1 1639.83 
1.671 404.904 2413.75 
1.555 202.678 1085.97 
1.566 204.111 1511.49 
1.649 214.93 1376.85 
1.674 218.188 1084.94 
1.704 222.098 1471.06 
1.744 227.312 1416.56 
1.766 230.179 2030.73 
2.42 315.421 4781.66 
2.779 362.213 3724.39 
3.128 407.701 7975.81 
1.519 217.691 1067.11 
1.552 222.421 980.245 
1.639 234.889 1908.39 
1.68 240.765 3870.82 
1.864 267.134 5394.68 
2.094 300.096 2851.19 
3.074 440.542 17005.7 
1.196 95.1484 4478.41 
1.391 110.662 1703.47 
1.493 118.776 1691.42 
1.565 124.504 2651.3 
1.664 132.38 3568.37 
1.747 138.984 2708.65 
1.808 143.836 2627.83 
1.901 151.235 2938.21 
1.96 155.929 3073.33 
2.067 164.441 2740.48 
2.193 174.465 6050.32 
2.199 174.943 4510.9 
2.642 210.186 5977.91 
1.198 179.3 1058.91 
1.666 249.343 2628.42 
1.676 250.84 2663.38 
1.943 290.801 4855.82 
1.95 291.848 3018.29 
2.05 306.815 5293.3 
0.606 96.0225 323.303 
1.223 193.788 1348.69 
1.408 223.102 1322.1 
1.486 235.461 1980.72 
1.509 239.106 2012.33 
1.511 239.422 2033.14 
1.526 241.799 1904.03 
1.573 249.247 1934.32 
1.617 256.218 2647.1 
1.68 266.201 1694.88 
1.69 267.786 3072 
1.721 272.698 1957.7 
1.728 273.807 3198.94 
1.746 276.659 1922.22 
1.752 277.61 2647 
1.86 294.723 3587.85 
1.89 299.476 2235.61 
2.003 317.381 2676.81 
2.019 319.917 3041.65 
2.089 331.008 4932.68 
2.181 345.586 3630.53 
2.365 374.741 1470.27 
